Land-Ocean Temperature Index (C)
--------------------------------

Year No_Smoothing  Lowess(5)
----------------------------
1880     -0.18     -0.11
1881     -0.10     -0.14
1882     -0.11     -0.17
1883     -0.19     -0.21
1884     -0.28     -0.24
1885     -0.31     -0.26
1886     -0.32     -0.27
1887     -0.35     -0.27
1888     -0.18     -0.27
1889     -0.11     -0.26
1890     -0.37     -0.26
1891     -0.23     -0.26
1892     -0.27     -0.27
1893     -0.32     -0.26
1894     -0.31     -0.24
1895     -0.23     -0.23
1896     -0.11     -0.21
1897     -0.12     -0.19
1898     -0.28     -0.18
1899     -0.19     -0.18
1900     -0.09     -0.21
1901     -0.16     -0.25
1902     -0.30     -0.27
1903     -0.39     -0.30
1904     -0.49     -0.33
1905     -0.28     -0.35
1906     -0.23     -0.37
1907     -0.40     -0.38
1908     -0.43     -0.39
1909     -0.47     -0.41
1910     -0.43     -0.41
1911     -0.43     -0.39
1912     -0.36     -0.35
1913     -0.35     -0.32
1914     -0.16     -0.30
1915     -0.12     -0.29
1916     -0.33     -0.28
1917     -0.44     -0.28
1918     -0.28     -0.28
1919     -0.27     -0.28
1920     -0.25     -0.26
1921     -0.17     -0.25
1922     -0.27     -0.23
1923     -0.24     -0.22
1924     -0.25     -0.21
1925     -0.20     -0.20
1926     -0.08     -0.20
1927     -0.20     -0.19
1928     -0.19     -0.18
1929     -0.34     -0.18
1930     -0.14     -0.19
1931     -0.10     -0.18
1932     -0.16     -0.18
1933     -0.30     -0.17
1934     -0.14     -0.16
1935     -0.20     -0.15
1936     -0.16     -0.12
1937     -0.04     -0.08
1938     -0.03     -0.03
1939     -0.03      0.01
1940      0.11      0.05
1941      0.18      0.08
1942      0.05      0.09
1943      0.07      0.09
1944      0.21      0.07
1945      0.09      0.04
1946     -0.07      0.00
1947     -0.04     -0.04
1948     -0.10     -0.07
1949     -0.10     -0.08
1950     -0.18     -0.07
1951     -0.06     -0.07
1952      0.01     -0.07
1953      0.07     -0.08
1954     -0.15     -0.07
1955     -0.14     -0.06
1956     -0.20     -0.05
1957      0.04     -0.04
1958      0.07     -0.01
1959      0.03      0.01
1960     -0.02      0.03
1961      0.05      0.02
1962      0.04     -0.00
1963      0.07     -0.02
1964     -0.20     -0.03
1965     -0.10     -0.04
1966     -0.05     -0.05
1967     -0.02     -0.04
1968     -0.08     -0.03
1969      0.07     -0.01
1970      0.03     -0.00
1971     -0.09      0.00
1972      0.01     -0.00
1973      0.16     -0.01
1974     -0.08     -0.00
1975     -0.02      0.02
1976     -0.11      0.04
1977      0.17      0.07
1978      0.07      0.12
1979      0.16      0.16
1980      0.27      0.20
1981      0.33      0.21
1982      0.14      0.22
1983      0.31      0.21
1984      0.16      0.21
1985      0.12      0.23
1986      0.18      0.25
1987      0.34      0.28
1988      0.41      0.31
1989      0.28      0.34
1990      0.44      0.34
1991      0.41      0.33
1992      0.22      0.33
1993      0.24      0.33
1994      0.31      0.34
1995      0.45      0.37
1996      0.34      0.41
1997      0.47      0.43
1998      0.62      0.45
1999      0.40      0.48
2000      0.40      0.50
2001      0.53      0.52
2002      0.62      0.54
2003      0.61      0.57
2004      0.53      0.60
2005      0.67      0.60
2006      0.61      0.61
2007      0.64      0.61
2008      0.51      0.62
2009      0.63      0.61
2010      0.70      0.62
2011      0.57      0.63
2012      0.61      0.66
2013      0.64      0.71
2014      0.73      0.75
2015      0.86      0.80
2016      0.98      0.84
2017      0.90      0.89
2018      0.82      0.93
